header: 
  seq: 20629
  stamp: 
    secs: 2063
    nsecs:         0
  frame_id: /robot_0/base_laser_link_1
angle_min: -1.57079637051
angle_max: 1.57079637051
angle_increment: 0.0175507962704
time_increment: 0.0
scan_time: 0.0
range_min: 0.0
range_max: 8.0
ranges: [3.2037181854248047, 2.84908127784729, 2.5518276691436768, 2.3486897945404053, 2.15517520904541, 1.980022668838501, 1.8402752876281738, 1.7389613389968872, 1.6434128284454346, 1.5474084615707397, 1.4718760251998901, 1.3747836351394653, 1.3195022344589233, 1.2639193534851074, 1.2079745531082153, 1.1516053676605225, 1.1166419982910156, 1.0594031810760498, 1.0238046646118164, 0.9879087805747986, 0.951671302318573, 0.915045976638794, 0.9010892510414124, 0.863781213760376, 0.8495435118675232, 0.8352540135383606, 0.7967504858970642, 0.7820080518722534, 0.7671416401863098, 0.7521293759346008, 0.7369482517242432, 0.7215737104415894, 0.7059797644615173, 0.6901386976242065, 0.6740206480026245, 0.6575939059257507, 0.6408241391181946, 0.6490634679794312, 0.6380154490470886, 0.6275272965431213, 0.6175655722618103, 0.6080995202064514, 0.5991010665893555, 0.5905442237854004, 0.5824053287506104, 0.5746622681617737, 0.5672948360443115, 0.5602843165397644, 0.5536134243011475, 0.5472660660743713, 0.5412274599075317, 0.5354837775230408, 0.5300223231315613, 0.5248311161994934, 0.5198991894721985, 0.5152163505554199, 0.5107730627059937, 0.5065603852272034, 0.5025702118873596, 0.4987948536872864, 0.495227187871933, 0.49186062812805176, 0.48868903517723083, 0.48570671677589417, 0.4829084575176239, 0.4802893102169037, 0.47784483432769775, 0.4755708575248718, 0.4734635651111603, 0.47151947021484375, 0.46973538398742676, 0.4681083559989929, 0.4666358232498169, 0.46531540155410767, 0.4641450047492981, 0.46312275528907776, 0.4622470736503601, 0.4615165889263153, 0.4609301686286926, 0.46048688888549805, 0.46018609404563904, 0.460027277469635, 0.46001020073890686, 0.4601348638534546, 0.4604014754295349, 0.4608103930950165, 0.4613622725009918, 0.4620579779148102, 0.4628985822200775, 0.4638853967189789, 0.46501994132995605, 0.46630406379699707, 0.4677397906780243, 0.4693293571472168, 0.4710753858089447, 0.47298067808151245, 0.47504836320877075, 0.4772818684577942, 0.4796849191188812, 0.482261598110199, 0.4850163161754608, 0.4879538416862488, 0.4910793602466583, 0.49439844489097595, 0.4979170858860016, 0.5016418099403381, 0.5055795907974243, 0.5097379684448242, 0.5141249299049377, 0.5187492966651917, 0.5236203074455261, 0.528748095035553, 0.5341434478759766, 0.5398180484771729, 0.5457844138145447, 0.552056074142456, 0.5586476922035217, 0.5655748844146729, 0.5728546977043152, 0.5805054903030396, 0.5885471701622009, 0.5970012545585632, 0.6058911085128784, 0.615242063999176, 0.6250817775726318, 0.6354402303695679, 0.6463502049446106, 0.6434672474861145, 0.6602123975753784, 0.6766115427017212, 0.6926991939544678, 0.7085075974464417, 0.6982070207595825, 0.7139074206352234, 0.7545464038848877, 0.7695181369781494, 0.7843424081802368, 0.7990411520004272, 0.8136351704597473, 0.8518055081367493, 0.8659923672676086, 0.9033053517341614, 0.917206346988678, 0.9538262486457825, 0.9900521636009216, 1.025930643081665, 1.0615062713623047, 1.0968217849731445, 1.1536859273910522, 1.1884435415267944, 1.2445266246795654, 1.3002303838729858, 1.3767976760864258, 1.4317988157272339, 1.5284827947616577, 1.6245890855789185, 1.7202175855636597, 1.8360955715179443, 1.9720542430877686, 2.127964973449707, 2.2810678482055664, 2.5145838260650635, 2.790271282196045, 2.968433141708374, 2.9716885089874268, 2.959365129470825, 2.946415424346924, 2.9457271099090576, 2.938157558441162, 2.9357852935791016, 2.9343199729919434, 2.9337592124938965, 2.9341022968292236, 2.935349702835083, 2.9375033378601074, 2.9405665397644043, 2.9445443153381348, 2.9494423866271973, 2.955268621444702, 2.9620320796966553]
intensities: [0.0, 0.0, 0.0, 0.0, 0.0, 0.0, 0.0, 0.0, 0.0, 0.0, 0.0, 0.0, 0.0, 0.0, 0.0, 0.0, 0.0, 0.0, 0.0, 0.0, 0.0, 0.0, 0.0, 0.0, 0.0, 0.0, 0.0, 0.0, 0.0, 0.0, 0.0, 0.0, 0.0, 0.0, 0.0, 0.0, 0.0, 0.0, 0.0, 0.0, 0.0, 0.0, 0.0, 0.0, 0.0, 0.0, 0.0, 0.0, 0.0, 0.0, 0.0, 0.0, 0.0, 0.0, 0.0, 0.0, 0.0, 0.0, 0.0, 0.0, 0.0, 0.0, 0.0, 0.0, 0.0, 0.0, 0.0, 0.0, 0.0, 0.0, 0.0, 0.0, 0.0, 0.0, 0.0, 0.0, 0.0, 0.0, 0.0, 0.0, 0.0, 0.0, 0.0, 0.0, 0.0, 0.0, 0.0, 0.0, 0.0, 0.0, 0.0, 0.0, 0.0, 0.0, 0.0, 0.0, 0.0, 0.0, 0.0, 0.0, 0.0, 0.0, 0.0, 0.0, 0.0, 0.0, 0.0, 0.0, 0.0, 0.0, 0.0, 0.0, 0.0, 0.0, 0.0, 0.0, 0.0, 0.0, 0.0, 0.0, 0.0, 0.0, 0.0, 0.0, 0.0, 0.0, 0.0, 0.0, 0.0, 0.0, 0.0, 0.0, 0.0, 0.0, 0.0, 0.0, 0.0, 0.0, 0.0, 0.0, 0.0, 0.0, 0.0, 0.0, 0.0, 0.0, 0.0, 0.0, 0.0, 0.0, 0.0, 0.0, 0.0, 0.0, 0.0, 0.0, 0.0, 0.0, 0.0, 0.0, 0.0, 0.0, 0.0, 0.0, 0.0, 0.0, 0.0, 0.0, 0.0, 0.0, 0.0, 0.0, 0.0, 0.0, 0.0, 0.0, 0.0, 0.0, 0.0, 0.0]




header: 
  seq: 22692
  stamp: 
    secs: 2269
    nsecs: 300000000
  frame_id: /robot_0/base_laser_link_1
angle_min: -1.57079637051
angle_max: 1.57079637051
angle_increment: 0.0175507962704
time_increment: 0.0
scan_time: 0.0
range_min: 0.0
range_max: 8.0
ranges: [0.6611472964286804, 0.6444110870361328, 0.6453977823257446, 0.6345361471176147, 0.6242231726646423, 0.61442631483078, 0.6051156520843506, 0.5962639451026917, 0.5878458619117737, 0.5798383355140686, 0.5722199082374573, 0.564970850944519, 0.5580729246139526, 0.5515092015266418, 0.5452640652656555, 0.539323091506958, 0.5336728096008301, 0.5283006429672241, 0.523195207118988, 0.5183455944061279, 0.5137418508529663, 0.5093746781349182, 0.5052354335784912, 0.5013160705566406, 0.4976091980934143, 0.49410778284072876, 0.490805447101593, 0.48769617080688477, 0.4847744405269623, 0.4820350706577301, 0.479473352432251, 0.4770849049091339, 0.4748656749725342, 0.4728119671344757, 0.4709203839302063, 0.46918779611587524, 0.4676114320755005, 0.4661887288093567, 0.4649174213409424, 0.4637955129146576, 0.46282121539115906, 0.4619930386543274, 0.46130964159965515, 0.4607699513435364, 0.460373193025589, 0.46011871099472046, 0.46000614762306213, 0.4600352644920349, 0.46020618081092834, 0.46051913499832153, 0.4609745740890503, 0.4615732431411743, 0.4623160660266876, 0.46320417523384094, 0.4642389714717865, 0.4654220938682556, 0.46675539016723633, 0.46824100613594055, 0.4698812961578369, 0.4716789126396179, 0.47363680601119995, 0.4757581651210785, 0.4780465364456177, 0.48050573468208313, 0.48313993215560913, 0.4859537184238434, 0.4889519512653351, 0.49213993549346924, 0.4955233931541443, 0.4991084933280945, 0.5029019117355347, 0.5069107413291931, 0.5111427307128906, 0.5156061053276062, 0.5203098058700562, 0.5252633690834045, 0.5304771661758423, 0.5359622836112976, 0.5417305827140808, 0.5477949380874634, 0.5541692972183228, 0.560868501663208, 0.5679087042808533, 0.5753074288368225, 0.5830833911895752, 0.5912570953369141, 0.599850594997406, 0.6088878512382507, 0.6183950304985046, 0.628400444984436, 0.6111551523208618, 0.6217700839042664, 0.6120746731758118, 0.6019517779350281, 0.5923377275466919, 0.5832027196884155, 0.5745195150375366, 0.56626296043396, 0.5584099292755127, 0.5509390830993652, 0.5438308119773865, 0.5370669364929199, 0.5306307077407837, 0.5245065689086914, 0.5186800956726074, 0.513137936592102, 0.5078678131103516, 0.5028581023216248, 0.498098224401474, 0.4935781955718994, 0.4892888367176056, 0.4852215349674225, 0.48136836290359497, 0.4777218997478485, 0.47427526116371155, 0.4710220396518707, 0.4679563045501709, 0.46507254242897034, 0.46236562728881836, 0.4598308801651001, 0.45746392011642456, 0.4552607238292694, 0.4532175660133362, 0.4513310492038727, 0.449598103761673, 0.44801589846611023, 0.4465818405151367, 0.445293664932251, 0.44414931535720825, 0.4431469738483429, 0.44228509068489075, 0.441562294960022, 0.44097745418548584, 0.4405296742916107, 0.4402182698249817, 0.44004276394844055, 0.4400028586387634, 0.44009852409362793, 0.4403298795223236, 0.4406973123550415, 0.4412013292312622, 0.44184279441833496, 0.44262266159057617, 0.44354212284088135, 0.4446026682853699, 0.44580593705177307, 0.44715383648872375, 0.4486485421657562, 0.4502924382686615, 0.4520881772041321, 0.45403870940208435, 0.4561472535133362, 0.4584173560142517, 0.46085283160209656, 0.4634578227996826, 0.4662368595600128, 0.46919482946395874, 0.4723369777202606, 0.4756690263748169, 0.47919705510139465, 0.48292768001556396, 0.4868679642677307, 0.4910255968570709, 0.4954087436199188, 0.500026285648346, 0.5048876404762268, 0.5100031495094299, 0.5153837203979492, 0.521041214466095, 0.5269884467124939, 0.5332391262054443, 0.5398082137107849, 0.5467115640640259, 0.5539667010307312, 0.5615922808647156, 0.5696085691452026, 0.5780377388000488, 0.5869035720825195, 0.5962321162223816, 0.6060516834259033]
intensities: [0.0, 0.0, 0.0, 0.0, 0.0, 0.0, 0.0, 0.0, 0.0, 0.0, 0.0, 0.0, 0.0, 0.0, 0.0, 0.0, 0.0, 0.0, 0.0, 0.0, 0.0, 0.0, 0.0, 0.0, 0.0, 0.0, 0.0, 0.0, 0.0, 0.0, 0.0, 0.0, 0.0, 0.0, 0.0, 0.0, 0.0, 0.0, 0.0, 0.0, 0.0, 0.0, 0.0, 0.0, 0.0, 0.0, 0.0, 0.0, 0.0, 0.0, 0.0, 0.0, 0.0, 0.0, 0.0, 0.0, 0.0, 0.0, 0.0, 0.0, 0.0, 0.0, 0.0, 0.0, 0.0, 0.0, 0.0, 0.0, 0.0, 0.0, 0.0, 0.0, 0.0, 0.0, 0.0, 0.0, 0.0, 0.0, 0.0, 0.0, 0.0, 0.0, 0.0, 0.0, 0.0, 0.0, 0.0, 0.0, 0.0, 0.0, 0.0, 0.0, 0.0, 0.0, 0.0, 0.0, 0.0, 0.0, 0.0, 0.0, 0.0, 0.0, 0.0, 0.0, 0.0, 0.0, 0.0, 0.0, 0.0, 0.0, 0.0, 0.0, 0.0, 0.0, 0.0, 0.0, 0.0, 0.0, 0.0, 0.0, 0.0, 0.0, 0.0, 0.0, 0.0, 0.0, 0.0, 0.0, 0.0, 0.0, 0.0, 0.0, 0.0, 0.0, 0.0, 0.0, 0.0, 0.0, 0.0, 0.0, 0.0, 0.0, 0.0, 0.0, 0.0, 0.0, 0.0, 0.0, 0.0, 0.0, 0.0, 0.0, 0.0, 0.0, 0.0, 0.0, 0.0, 0.0, 0.0, 0.0, 0.0, 0.0, 0.0, 0.0, 0.0, 0.0, 0.0, 0.0, 0.0, 0.0, 0.0, 0.0, 0.0, 0.0, 0.0, 0.0, 0.0, 0.0, 0.0, 0.0]s